11 0.01854655563966692 0.07149687238535399 0.21612414837244512 0.07149687238535399 0.21612414837244512 0.49581656639706767 0.01854655563966692 0.49581656639706767
6 0.6551854655563968 0.02249093589386031 0.8709311127933385 0.02249093589386031 0.8709311127933385 0.08344953982230369 0.6551854655563968 0.08344953982230369
10 0.42051476154428463 0.07627793936013387 0.6483724451173354 0.07627793936013387 0.6483724451173354 0.1348460098011873 0.42051476154428463 0.1348460098011873
9 0.42127176381529147 0.14321287700705207 0.6483724451173355 0.14321287700705207 0.6483724451173355 0.19341408024224072 0.42127176381529147 0.19341408024224072
3 0.39931869795609387 0.20536674767919041 0.6082513247539743 0.20536674767919041 0.6082513247539743 0.24002948324634446 0.39931869795609387 0.24002948324634446
12 0.6695685133259296 0.2029761796490146 0.7528387631366791 0.2029761796490146 0.7528387631366791 0.24002944870355858 0.6695685133259296 0.24002944870355858
5 0.8353520060560183 0.19939041396071558 0.9625283875851627 0.19939041396071558 0.9625283875851627 0.23763894975895453 0.8353520060560183 0.23763894975895453
7 0.3576835730507192 0.5005976333718475 0.5257380772142316 0.5005976333718475 0.5257380772142316 0.5340651021953067 0.3576835730507192 0.5340651021953067
4 0.596896290688872 0.49820709988445766 0.8194549583648751 0.49820709988445766 0.8194549583648751 0.5316745687079166 0.596896290688872 0.5316745687079166
0 0.3251324753974261 0.5543846368381211 0.8232399697199092 0.5543846368381211 0.8232399697199092 0.5854615721741903 0.3251324753974261 0.5854615721741903
1 0.39629068887206664 0.27827801904458344 0.9610143830431492 0.27827801904458344 0.9610143830431492 0.31055022112434755 0.39629068887206664 0.31055022112434755
2 0.36752460257380776 0.3428224232041117 0.9625283875851627 0.3428224232041117 0.9625283875851627 0.38107095900235083 0.36752460257380776 0.38107095900235083
2 0.2350492051476154 0.40617156061994497 0.9625283875851627 0.40617156061994497 0.9625283875851627 0.4396390294434042 0.2350492051476154 0.4396390294434042
8 0.029144587433762307 0.6117574405354795 0.9572293716881152 0.6117574405354795 0.9572293716881152 0.9488226622574607 0.029144587433762307 0.9488226622574607
