11 0.0031445567882432083 0.0914419695193435 0.21854669678290298 0.0914419695193435 0.21854669678290298 0.5193434935521688 0.0031445567882432083 0.5193434935521688
6 0.6572123687428305 0.041031652989449004 0.8734006479345511 0.041031652989449004 0.8734006479345511 0.12543962485345841 0.6572123687428305 0.12543962485345841
10 0.4119369200668917 0.08206330597889801 0.5841014042232074 0.08206330597889801 0.5841014042232074 0.18053927315357562 0.4119369200668917 0.18053927315357562
9 0.4032894080921915 0.17819460726846426 0.5833152842191152 0.17819460726846426 0.5833152842191152 0.22508792497069166 0.4032894080921915 0.22508792497069166
3 0.39385578091164125 0.2192262656265493 0.5990381113445106 0.2192262656265493 0.5990381113445106 0.27198124804155516 0.39385578091164125 0.27198124804155516
12 0.6690044566987425 0.21805392731535755 0.7334678708577282 0.21805392731535755 0.7334678708577282 0.2825322391559203 0.6690044566987425 0.2825322391559203
5 0.830162992096207 0.2063305978898007 0.973240325961273 0.2063305978898007 0.973240325961273 0.2860492379835874 0.830162992096207 0.2860492379835874
1 0.38835276334803626 0.27784290738569756 0.8144402081549911 0.27784290738569756 0.8144402081549911 0.3481828839390387 0.38835276334803626 0.3481828839390387
2 0.36005175225384733 0.3505275498241501 0.4740419358276636 0.3505275498241501 0.4740419358276636 0.41148886283704567 0.36005175225384733 0.41148886283704567
2 0.2216912535711462 0.4220398593200469 0.6446341415898578 0.4220398593200469 0.6446341415898578 0.5005861664712778 0.2216912535711462 0.5005861664712778
7 0.35454877787442174 0.5087924970691676 0.5180657308630687 0.5087924970691676 0.5180657308630687 0.5568581477139508 0.35454877787442174 0.5568581477139508
4 0.6147608521015472 0.5052754982415005 0.7837807794696195 0.5052754982415005 0.7837807794696195 0.5568581477139508 0.6147608521015472 0.5568581477139508
8 0.3451151219044185 0.5580304645505988 0.8616084928032489 0.5580304645505988 0.8616084928032489 0.6143024457932719 0.3451151219044185 0.6143024457932719
8 0.014936644744155242 0.6705744431418523 0.973240325961273 0.6705744431418523 0.973240325961273 0.9097303634232122 0.014936644744155242 0.9097303634232122
