11 0.027352787825463548 0.06217616580310879 0.24070453286407925 0.06217616580310879 0.24070453286407925 0.49740932642487035 0.027352787825463548 0.49740932642487035
10 0.6572484541945244 0.03497410637288838 0.8596590173232794 0.03497410637288838 0.8596590173232794 0.12305700792729246 0.6572484541945244 0.12305700792729246
10 0.42123293251213867 0.06476683937823834 0.5861311676885046 0.06476683937823834 0.5861311676885046 0.17616580310880828 0.42123293251213867 0.17616580310880828
9 0.413417850276292 0.1632124352331606 0.5790975936762426 0.1632124352331606 0.5790975936762426 0.22538860103626943 0.413417850276292 0.22538860103626943
3 0.40482128843672105 0.21243523316062174 0.6025428690036433 0.21243523316062174 0.6025428690036433 0.28497409326424866 0.40482128843672105 0.28497409326424866
12 0.6588114706416932 0.22150261033653468 0.7275841943171445 0.22150261033653468 0.7275841943171445 0.303108827953115 0.6588114706416932 0.303108827953115
5 0.8174575637097538 0.2318652784197733 0.9542215028370713 0.2318652784197733 0.9542215028370713 0.30569947531096503 0.8174575637097538 0.30569947531096503
1 0.4001322104753525 0.2797927461139896 0.809642519633721 0.2797927461139896 0.809642519633721 0.36658031088082904 0.4001322104753525 0.36658031088082904
2 0.36730886508479627 0.3445595854922279 0.47828303283381973 0.3445595854922279 0.47828303283381973 0.4132124352331606 0.36730886508479627 0.4132124352331606
2 0.24148601723778004 0.3989636257008304 0.6330216372537011 0.3989636257008304 0.6330216372537011 0.4909325376179289 0.24148601723778004 0.4909325376179289
7 0.3688718815319656 0.5077720207253885 0.5126693946715454 0.5077720207253885 0.5126693946715454 0.5686528497409326 0.3688718815319656 0.5686528497409326
4 0.6017613321601981 0.5142487046632124 0.7588444851007174 0.5142487046632124 0.7588444851007174 0.5738341968911916 0.6017613321601981 0.5738341968911916
0 0.3571492581781955 0.5621761658031087 0.8237096676582453 0.5621761658031087 0.8237096676582453 0.633419689119171 0.3571492581781955 0.633419689119171
8 0.05861311676885046 0.6411917098445595 0.9112385886997285 0.6411917098445595 0.9112385886997285 0.8976683937823834 0.05861311676885046 0.8976683937823834
