11 0.017216373986294584 0.04572098475967175 0.22224773691398467 0.04572098475967175 0.22224773691398467 0.2731535756154748 0.017216373986294584 0.2731535756154748
6 0.6244848382301399 0.01406799531066823 0.9735076926795667 0.01406799531066823 0.9735076926795667 0.06213364595545135 0.6244848382301399 0.06213364595545135
10 0.41319297567107 0.03399765533411489 0.5994428397046204 0.03399765533411489 0.5994428397046204 0.08909730363423213 0.41319297567107 0.08909730363423213
9 0.39910685150046543 0.08206330597889801 0.6573524612948842 0.08206330597889801 0.6573524612948842 0.11019929660023446 0.39910685150046543 0.11019929660023446
3 0.3928463518690855 0.10550996483001172 0.5994428397046204 0.10550996483001172 0.5994428397046204 0.1395076201641266 0.3928463518690855 0.1395076201641266
12 0.660482711110574 0.10316529894490035 0.7387389565028222 0.10316529894490035 0.7387389565028222 0.1430246189917937 0.660482711110574 0.1430246189917937
5 0.8185603268029152 0.0926143024618992 0.9735076926795665 0.0926143024618992 0.9735076926795665 0.14771395076201643 0.8185603268029152 0.14771395076201643
1 0.3818905539367519 0.14185229678651 0.7277831585704884 0.14185229678651 0.7277831585704884 0.17233295329295784 0.3818905539367519 0.17233295329295784
2 0.35684847898865135 0.1723329425556858 0.7512599557655818 0.1723329425556858 0.7512599557655818 0.2145369284876905 0.35684847898865135 0.2145369284876905
2 0.23007336145320942 0.21336459554513482 0.7465645810420467 0.21336459554513482 0.7465645810420467 0.25556858147713946 0.23007336145320942 0.25556858147713946
7 0.34276235481804673 0.2567409144196952 0.5149260946809926 0.2567409144196952 0.5149260946809926 0.29073856975381007 0.34276235481804673 0.29073856975381007
4 0.5900520902575508 0.26143024618991795 0.7982137030009309 0.26143024618991795 0.7982137030009309 0.28487690504103164 0.5900520902575508 0.28487690504103164
0 0.32398085592390724 0.2790152403282532 0.82638595134214 0.2790152403282532 0.82638595134214 0.32356389214536935 0.32398085592390724 0.32356389214536935
8 0.004695374723534886 0.3364595545134818 0.9766379424952563 0.3364595545134818 0.9766379424952563 0.48182883939038684 0.004695374723534886 0.48182883939038684
