11 0.04487941718305141 0.1336459554513482 0.23270808909730362 0.1336459554513482 0.23270808909730362 0.5087924970691676 0.04487941718305141 0.5087924970691676
6 0.6499204488360408 0.08558030480656506 0.8552022274325909 0.08558030480656506 0.8552022274325909 0.1559202813599062 0.6499204488360408 0.1559202813599062
10 0.42386116228437454 0.12895662368112543 0.5809391224250544 0.12895662368112543 0.5809391224250544 0.20164126611957797 0.42386116228437454 0.20164126611957797
10 0.41721235973873727 0.20984759671746772 0.5792769217886451 0.20984759671746772 0.5792769217886451 0.25322391559202806 0.41721235973873727 0.25322391559202806
3 0.40391475464746274 0.24970691676436108 0.5909123262435103 0.24970691676436108 0.5909123262435103 0.29308323563892147 0.40391475464746274 0.29308323563892147
12 0.6648802545637247 0.24032825322391557 0.7297060793836878 0.24032825322391557 0.7297060793836878 0.30246189917936694 0.6648802545637247 0.30246189917936694
5 0.8236204153408139 0.24150058616647124 0.9541031652989448 0.24150058616647124 0.9541031652989448 0.2989449003516999 0.8236204153408139 0.2989449003516999
1 0.39560375146541615 0.3071512309495897 0.8020118070674928 0.3071512309495897 0.8020118070674928 0.36107854630715125 0.39560375146541615 0.36107854630715125
2 0.3789817451013231 0.3634232121922626 0.4778826829676771 0.3634232121922626 0.4778826829676771 0.42438452520515835 0.3789817451013231 0.42438452520515835
2 0.24018799196114554 0.4337631887456037 0.6399472450175849 0.4337631887456037 0.6399472450175849 0.4900351699882767 0.24018799196114554 0.4900351699882767
7 0.3673463406464579 0.5041031652989449 0.5235932004689333 0.5041031652989449 0.5235932004689333 0.5486518171160609 0.3673463406464579 0.5486518171160609
4 0.6150142354714453 0.5052754982415005 0.7812342991123765 0.5052754982415005 0.7812342991123765 0.5404454865181711 0.6150142354714453 0.5404454865181711
0 0.3598664225646218 0.5521687891005479 0.8502156103053687 0.5521687891005479 0.8502156103053687 0.5978897738602197 0.3598664225646218 0.5978897738602197
8 0.052359320046893316 0.6576787807737398 0.9466232624351029 0.6576787807737398 0.9466232624351029 0.8745603751465415 0.052359320046893316 0.8745603751465415
