11 0.11083875093253757 0.25908558030480655 0.2831426273822097 0.25908558030480655 0.2831426273822097 0.5603751465416178 0.11083875093253757 0.5603751465416178
6 0.6610020055613149 0.23563892145369286 0.8524507571720615 0.23563892145369286 0.8524507571720615 0.2989449003516999 0.6610020055613149 0.2989449003516999
10 0.4574617107981893 0.268464243845252 0.6015520870104881 0.268464243845252 0.6015520870104881 0.33177022274325907 0.4574617107981893 0.33177022274325907
9 0.444362628738628 0.32708089097303633 0.6519333804850166 0.32708089097303633 0.6519333804850166 0.3692848769050411 0.444362628738628 0.3692848769050411
3 0.444362628738628 0.3645955451348183 0.6186817552052551 0.3645955451348183 0.6186817552052551 0.4009378663540446 0.444362628738628 0.4009378663540446
12 0.674101130671524 0.34818288393903873 0.7456425062734345 0.34818288393903873 0.7456425062734345 0.4009378663540446 0.674101130671524 0.4009378663540446
5 0.820206756900778 0.34818288393903873 0.9370912578841812 0.34818288393903873 0.9370912578841812 0.41031652989449 0.820206756900778 0.41031652989449
1 0.4383168786877622 0.3997655334114888 0.8111381318244795 0.3997655334114888 0.8111381318244795 0.4525205158264947 0.4383168786877622 0.4525205158264947
2 0.4151414235415743 0.44900354921064395 0.5320259245249777 0.44900354921064395 0.5320259245249777 0.4923798680852043 0.4151414235415743 0.4923798680852043
2 0.28415021549013214 0.4736224712120449 0.6378265934657747 0.4736224712120449 0.6378265934657747 0.548651779535609 0.28415021549013214 0.548651779535609
7 0.41312629037637694 0.5603751572788898 0.5521785415462878 0.5603751572788898 0.5521785415462878 0.5967174784981161 0.41312629037637694 0.5967174784981161
4 0.624727505256121 0.5533411488862837 0.7809093815701512 0.5533411488862837 0.7809093815701512 0.5908558030480656 0.624727505256121 0.5908558030480656
0 0.40405762839952336 0.5896834432623299 0.8161762568668676 0.5896834432623299 0.8161762568668676 0.6307150962517789 0.40405762839952336 0.6307150962517789
8 0.09673200081385097 0.6682297772567409 0.9622818830961216 0.6682297772567409 0.9622818830961216 0.851113716295428 0.09673200081385097 0.851113716295428
